1 1.51961 1.99305 2.40593 2.74571 3.00206 3.1672 3.2361 3.20667 3.07981 
2 1.51705 1.988 2.39854 2.73621 2.99074 3.1544 3.22221 3.19212 3.06504 
3 1.51429 1.98257 2.39061 2.72601 2.97858 3.14066 3.2073 3.17649 3.04917 
4 1.51135 1.97678 2.38215 2.71513 2.96562 3.126 3.19139 3.15982 3.03224 
5 1.50823 1.97064 2.37317 2.7036 2.95187 3.11046 3.17453 3.14215 3.01429 
6 1.50495 1.96417 2.36371 2.69143 2.93738 3.09407 3.15675 3.12351 2.99537 
7 1.5015 1.95738 2.35378 2.67867 2.92216 3.07687 3.13809 3.10396 2.97551 
8 1.4979 1.95028 2.3434 2.66533 2.90626 3.0589 3.11859 3.08352 2.95476 
9 1.49415 1.94289 2.3326 2.65144 2.88972 3.04019 3.09829 3.06224 2.93316 
10 1.49025 1.93523 2.3214 2.63704 2.87255 3.02078 3.07723 3.04018 2.91075 
11 1.48623 1.9273 2.30982 2.62215 2.8548 3.00072 3.05546 3.01736 2.88758 
12 1.48208 1.91913 2.29787 2.60679 2.83651 2.98003 3.03302 2.99384 2.8637 
13 1.47782 1.91074 2.2856 2.59101 2.8177 2.95877 3.00994 2.96966 2.83914 
14 1.47345 1.90213 2.27301 2.57483 2.79841 2.93697 2.98628 2.94486 2.81397 
15 1.46898 1.89332 2.26013 2.55827 2.77868 2.91466 2.96208 2.9195 2.78821 
16 1.46441 1.88432 2.24698 2.54137 2.75854 2.89189 2.93737 2.89361 2.76192 
17 1.45976 1.87516 2.23359 2.52416 2.73802 2.8687 2.91221 2.86723 2.73514 
18 1.45503 1.86585 2.21998 2.50665 2.71717 2.84512 2.88662 2.84042 2.70791 
19 1.45023 1.8564 2.20616 2.48889 2.696 2.82119 2.86066 2.8132 2.68028 
20 1.44537 1.84683 2.19217 2.4709 2.67455 2.79694 2.83435 2.78563 2.65228 
21 1.44045 1.83714 2.17801 2.4527 2.65286 2.77242 2.80774 2.75775 2.62396 
22 1.43549 1.82736 2.16371 2.43431 2.63095 2.74765 2.78087 2.72958 2.59536 
23 1.43048 1.81749 2.14929 2.41577 2.60886 2.72267 2.75376 2.70118 2.56652 
24 1.42544 1.80756 2.13476 2.3971 2.5866 2.69752 2.72646 2.67257 2.53747 
25 1.42036 1.79757 2.12015 2.37832 2.56422 2.67221 2.69901 2.64379 2.50825 
26 1.41526 1.78753 2.10547 2.35945 2.54173 2.64679 2.67142 2.61488 2.4789 
27 1.41015 1.77745 2.09074 2.34051 2.51917 2.62128 2.64374 2.58587 2.44944 
28 1.40502 1.76735 2.07598 2.32153 2.49654 2.5957 2.61599 2.55679 2.41991 
29 1.39989 1.75724 2.06119 2.30252 2.47389 2.57009 2.5882 2.52767 2.39034 
30 1.39475 1.74712 2.0464 2.28351 2.45123 2.54447 2.5604 2.49853 2.36075 
31 1.38961 1.737 2.03162 2.2645 2.42858 2.51886 2.53262 2.46941 2.33118 
32 1.38449 1.7269 2.01685 2.24552 2.40596 2.49329 2.50487 2.44034 2.30165 
33 1.37937 1.71683 2.00212 2.22658 2.38339 2.46778 2.47718 2.41132 2.27219 
34 1.37427 1.70678 1.98743 2.2077 2.36089 2.44234 2.44958 2.38239 2.24282 
35 1.36919 1.69677 1.9728 2.18889 2.33847 2.41699 2.42208 2.35357 2.21355 
36 1.36413 1.68681 1.95824 2.17016 2.31615 2.39176 2.3947 2.32488 2.18442 
37 1.3591 1.6769 1.94374 2.15153 2.29395 2.36666 2.36747 2.29634 2.15544 
38 1.35409 1.66704 1.92934 2.13301 2.27187 2.34171 2.34039 2.26796 2.12662 
39 1.34912 1.65725 1.91502 2.11461 2.24994 2.31691 2.31348 2.23976 2.09799 
40 1.34418 1.64752 1.9008 2.09633 2.22816 2.29229 2.28677 2.21176 2.06955 
41 1.33928 1.63787 1.88669 2.07819 2.20654 2.26785 2.26025 2.18397 2.04133 
42 1.33442 1.6283 1.8727 2.06019 2.1851 2.2436 2.23394 2.1564 2.01334 
43 1.3296 1.6188 1.85882 2.04235 2.16383 2.21957 2.20786 2.12907 1.98558 
44 1.32482 1.60939 1.84506 2.02467 2.14276 2.19574 2.18201 2.10198 1.95807 
45 1.32009 1.60007 1.83144 2.00716 2.12189 2.17214 2.1564 2.07514 1.93083 
46 1.31541 1.59085 1.81795 1.98981 2.10122 2.14878 2.13105 2.04857 1.90384 
47 1.31077 1.58171 1.80459 1.97265 2.08076 2.12565 2.10595 2.02227 1.87714 
48 1.30618 1.57267 1.79138 1.95566 2.06052 2.10276 2.08112 1.99625 1.85071 
49 1.30164 1.56374 1.77831 1.93886 2.0405 2.08013 2.05656 1.97051 1.82458 
50 1.29716 1.5549 1.76539 1.92225 2.0207 2.05775 2.03228 1.94506 1.79874 
51 1.29272 1.54616 1.75262 1.90583 2.00114 2.03563 2.00828 1.91991 1.7732 
52 1.28834 1.53753 1.74 1.88961 1.9818 2.01378 1.98456 1.89505 1.74796 
53 1.28401 1.529 1.72754 1.87359 1.9627 1.99219 1.96114 1.8705 1.72303 
54 1.27973 1.52058 1.71523 1.85776 1.94384 1.97086 1.938 1.84625 1.69841 
55 1.27551 1.51227 1.70307 1.84213 1.92522 1.94981 1.91516 1.82231 1.6741 
56 1.27135 1.50406 1.69108 1.82671 1.90684 1.92903 1.89261 1.79868 1.6501 
57 1.26723 1.49596 1.67924 1.81149 1.8887 1.90852 1.87036 1.77536 1.62642 
58 1.26318 1.48797 1.66756 1.79647 1.8708 1.88829 1.8484 1.75235 1.60306 
59 1.25917 1.48009 1.65603 1.78166 1.85315 1.86833 1.82675 1.72966 1.58001 
60 1.25523 1.47232 1.64467 1.76705 1.83574 1.84865 1.80539 1.70727 1.55728 
61 1.25134 1.46465 1.63346 1.75264 1.81857 1.82924 1.78433 1.6852 1.53487 
62 1.2475 1.45709 1.62241 1.73844 1.80164 1.8101 1.76356 1.66344 1.51277 
63 1.24372 1.44964 1.61152 1.72443 1.78495 1.79123 1.74309 1.64199 1.49099 
64 1.23999 1.4423 1.60078 1.71063 1.7685 1.77264 1.72292 1.62084 1.46952 
65 1.23631 1.43506 1.59021 1.69703 1.7523 1.75432 1.70303 1.60001 1.44836 
66 1.23269 1.42793 1.57978 1.68363 1.73633 1.73626 1.68344 1.57947 1.42751 
67 1.22913 1.42091 1.56951 1.67043 1.72059 1.71848 1.66414 1.55925 1.40697 
68 1.22561 1.41399 1.5594 1.65742 1.70509 1.70095 1.64513 1.53932 1.38674 
69 1.22215 1.40717 1.54943 1.64461 1.68983 1.68369 1.6264 1.5197 1.36681 
70 1.21874 1.40046 1.53962 1.632 1.67479 1.6667 1.60796 1.50037 1.34718 
71 1.21539 1.39385 1.52995 1.61957 1.65998 1.64996 1.5898 1.48133 1.32786 
72 1.21208 1.38734 1.52044 1.60734 1.6454 1.63347 1.57191 1.46259 1.30882 
73 1.20883 1.38093 1.51107 1.59529 1.63105 1.61725 1.5543 1.44413 1.29008 
74 1.20562 1.37462 1.50184 1.58344 1.61692 1.60127 1.53697 1.42596 1.27164 
75 1.20247 1.36841 1.49276 1.57176 1.603 1.58554 1.5199 1.40808 1.25347 
76 1.19937 1.36229 1.48382 1.56027 1.58931 1.57006 1.5031 1.39047 1.2356 
77 1.19631 1.35627 1.47503 1.54896 1.57583 1.55482 1.48657 1.37315 1.218 
78 1.1933 1.35035 1.46637 1.53783 1.56256 1.53982 1.47029 1.35609 1.20068 
79 1.19034 1.34452 1.45785 1.52687 1.54951 1.52506 1.45428 1.33931 1.18364 
80 1.18743 1.33879 1.44946 1.51609 1.53666 1.51054 1.43852 1.32279 1.16687 
81 1.18457 1.33314 1.44121 1.50549 1.52402 1.49625 1.42301 1.30654 1.15037 
82 1.18175 1.32759 1.43309 1.49505 1.51158 1.48219 1.40776 1.29055 1.13413 
83 1.17897 1.32212 1.4251 1.48478 1.49935 1.46835 1.39274 1.27482 1.11816 
84 1.17624 1.31675 1.41725 1.47468 1.48731 1.45474 1.37798 1.25934 1.10244 
85 1.17356 1.31146 1.40952 1.46474 1.47546 1.44135 1.36345 1.24412 1.08698 
86 1.17092 1.30626 1.40191 1.45497 1.46381 1.42818 1.34916 1.22914 1.07177 
87 1.16832 1.30114 1.39443 1.44535 1.45235 1.41523 1.3351 1.21441 1.05681 
88 1.16577 1.29611 1.38708 1.4359 1.44108 1.40249 1.32128 1.19992 1.0421 
89 1.16325 1.29116 1.37984 1.42659 1.43 1.38996 1.30768 1.18567 1.02763 
90 1.16078 1.2863 1.37273 1.41745 1.4191 1.37763 1.29431 1.17166 1.0134 
91 1.15835 1.28151 1.36573 1.40845 1.40838 1.36552 1.28116 1.15788 0.999413 
92 1.15596 1.27681 1.35885 1.39961 1.39784 1.3536 1.26823 1.14433 0.985655 
93 1.15362 1.27218 1.35209 1.39092 1.38748 1.34189 1.25552 1.13101 0.972128 
94 1.15131 1.26763 1.34544 1.38237 1.37729 1.33037 1.24303 1.11791 0.95883 
95 1.14904 1.26316 1.3389 1.37396 1.36728 1.31905 1.23074 1.10504 0.945756 
96 1.14681 1.25877 1.33248 1.3657 1.35743 1.30792 1.21866 1.09238 0.932906 
97 1.14461 1.25445 1.32616 1.35759 1.34776 1.29698 1.2068 1.07994 0.920275 
98 1.14246 1.2502 1.31996 1.34961 1.33825 1.28623 1.19513 1.06772 0.907861 
99 1.14034 1.24603 1.31386 1.34176 1.3289 1.27567 1.18367 1.0557 0.895662 
100 1.13826 1.24193 1.30786 1.33406 1.31972 1.26528 1.1724 1.0439 0.883675 
101 1.13621 1.2379 1.30197 1.32649 1.3107 1.25509 1.16134 1.0323 0.871897 
102 1.1342 1.23394 1.29619 1.31905 1.30184 1.24506 1.15046 1.0209 0.860327 
103 1.13223 1.23005 1.29051 1.31175 1.29313 1.23522 1.13978 1.00971 0.848961 
104 1.13029 1.22624 1.28492 1.30457 1.28458 1.22555 1.12929 0.998718 0.837798 
105 1.12839 1.22249 1.27944 1.29752 1.27618 1.21606 1.11899 0.987921 0.826834 
106 1.12652 1.2188 1.27406 1.2906 1.26793 1.20674 1.10887 0.977319 0.816069 
107 1.12468 1.21519 1.26877 1.28381 1.25984 1.19758 1.09894 0.96691 0.805499 
108 1.12288 1.21164 1.26359 1.27714 1.25189 1.1886 1.08919 0.956692 0.795123 
109 1.12111 1.20816 1.25849 1.27059 1.24409 1.17978 1.07962 0.946662 0.784939 
110 1.11938 1.20474 1.2535 1.26417 1.23643 1.17112 1.07023 0.936819 0.774944 
111 1.11767 1.20139 1.24859 1.25787 1.22892 1.16263 1.06101 0.927162 0.765138 
112 1.116 1.19809 1.24378 1.25168 1.22155 1.1543 1.05197 0.917687 0.755517 
113 1.11436 1.19487 1.23907 1.24562 1.21432 1.14612 1.04311 0.908394 0.746081 
114 1.11276 1.1917 1.23444 1.23967 1.20723 1.13811 1.03441 0.899281 0.736827 
115 1.11118 1.1886 1.2299 1.23384 1.20028 1.13025 1.02588 0.890346 0.727754 
116 1.10964 1.18556 1.22546 1.22812 1.19347 1.12255 1.01753 0.881587 0.71886 
117 1.10812 1.18258 1.2211 1.22252 1.18679 1.115 1.00934 0.873003 0.710144 
118 1.10664 1.17966 1.21683 1.21703 1.18025 1.10761 1.00131 0.864593 0.701604 
119 1.10519 1.17679 1.21265 1.21165 1.17384 1.10036 0.993452 0.856356 0.693239 
120 1.10377 1.17399 1.20855 1.20638 1.16756 1.09327 0.985754 0.848288 0.685048 
121 1.10237 1.17125 1.20454 1.20123 1.16142 1.08632 0.978219 0.840391 0.677028 
122 1.10101 1.16857 1.20062 1.19618 1.15541 1.07953 0.970843 0.832662 0.66918 
123 1.09968 1.16594 1.19678 1.19125 1.14953 1.07288 0.963628 0.825099 0.661501 
124 1.09837 1.16337 1.19302 1.18642 1.14377 1.06637 0.95657 0.817703 0.65399 
125 1.0971 1.16086 1.18935 1.1817 1.13815 1.06001 0.94967 0.810471 0.646647 
126 1.09585 1.1584 1.18576 1.17709 1.13265 1.0538 0.942926 0.803403 0.63947 
127 1.09463 1.15601 1.18225 1.17258 1.12728 1.04773 0.936337 0.796498 0.632458 
128 1.09344 1.15366 1.17883 1.16818 1.12203 1.04179 0.929902 0.789755 0.625611 
129 1.09228 1.15138 1.17549 1.16388 1.11691 1.03601 0.923621 0.783172 0.618927 
130 1.09115 1.14915 1.17223 1.15969 1.11192 1.03036 0.917492 0.776749 0.612405 
131 1.09005 1.14697 1.16905 1.1556 1.10704 1.02485 0.911516 0.770486 0.606045 
132 1.08897 1.14485 1.16595 1.15162 1.1023 1.01948 0.90569 0.76438 0.599845 
133 1.08792 1.14279 1.16293 1.14774 1.09767 1.01425 0.900015 0.758432 0.593805 
134 1.0869 1.14077 1.15999 1.14396 1.09316 1.00916 0.894489 0.752641 0.587925 
135 1.08591 1.13882 1.15713 1.14028 1.08878 1.0042 0.889112 0.747006 0.582203 
136 1.08494 1.13691 1.15434 1.1367 1.08452 0.999384 0.883883 0.741526 0.576639 
137 1.084 1.13507 1.15164 1.13323 1.08038 0.994701 0.878802 0.736202 0.571232 
138 1.08309 1.13327 1.14902 1.12985 1.07635 0.990154 0.873869 0.731031 0.565981 
139 1.0822 1.13153 1.14647 1.12658 1.07245 0.985742 0.869081 0.726014 0.560887 
140 1.08135 1.12984 1.144 1.1234 1.06867 0.981465 0.86444 0.72115 0.555948 
141 1.08052 1.1282 1.14161 1.12033 1.065 0.977322 0.859945 0.716439 0.551164 
142 1.07971 1.12662 1.13929 1.11735 1.06146 0.973313 0.855595 0.71188 0.546535 
143 1.07894 1.12509 1.13706 1.11447 1.05803 0.969438 0.85139 0.707473 0.54206 
144 1.07819 1.12361 1.13489 1.1117 1.05472 0.965695 0.847329 0.703217 0.537738 
145 1.07746 1.12218 1.13281 1.10902 1.05153 0.962085 0.843412 0.699112 0.53357 
146 1.07676 1.12081 1.1308 1.10644 1.04845 0.958608 0.839639 0.695158 0.529554 
147 1.07609 1.11949 1.12887 1.10395 1.04549 0.955262 0.836009 0.691353 0.525692 
148 1.07545 1.11822 1.12702 1.10157 1.04265 0.952049 0.832522 0.687699 0.521981 
149 1.07483 1.117 1.12524 1.09928 1.03992 0.948967 0.829178 0.684194 0.518422 
150 1.07424 1.11584 1.12353 1.09709 1.03731 0.946016 0.825976 0.680839 0.515015 
151 1.07367 1.11472 1.12191 1.095 1.03482 0.943197 0.822917 0.677633 0.511759 
152 1.07313 1.11366 1.12035 1.093 1.03244 0.940508 0.819999 0.674575 0.508655 
153 1.07262 1.11265 1.11888 1.0911 1.03018 0.93795 0.817224 0.671666 0.505701 
154 1.07214 1.11169 1.11747 1.0893 1.02803 0.935522 0.81459 0.668906 0.502898 
155 1.07167 1.11079 1.11615 1.0876 1.026 0.933225 0.812097 0.666294 0.500245 
156 1.07124 1.10993 1.1149 1.08599 1.02408 0.931058 0.809746 0.663829 0.497743 
157 1.07083 1.10913 1.11372 1.08448 1.02228 0.929021 0.807535 0.661513 0.495391 
158 1.07045 1.10837 1.11262 1.08306 1.02059 0.927114 0.805466 0.659344 0.493189 
159 1.07009 1.10767 1.11159 1.08174 1.01902 0.925337 0.803538 0.657323 0.491137 
160 1.06976 1.10702 1.11064 1.08052 1.01756 0.923689 0.80175 0.65545 0.489234 
161 1.06946 1.10642 1.10977 1.07939 1.01622 0.922171 0.800103 0.653723 0.487481 
162 1.06918 1.10587 1.10896 1.07836 1.01499 0.920783 0.798596 0.652144 0.485878 
163 1.06893 1.10538 1.10824 1.07743 1.01388 0.919523 0.79723 0.650713 0.484424 
164 1.0687 1.10493 1.10759 1.07659 1.01288 0.918394 0.796004 0.649428 0.483119 
165 1.0685 1.10453 1.10701 1.07584 1.01199 0.917393 0.794918 0.64829 0.481964 
166 1.06833 1.10419 1.1065 1.0752 1.01122 0.916522 0.793973 0.647299 0.480958 
167 1.06818 1.1039 1.10608 1.07465 1.01057 0.915779 0.793167 0.646455 0.480101 
168 1.06805 1.10365 1.10572 1.07419 1.01002 0.915166 0.792502 0.645758 0.479393 
169 1.06796 1.10346 1.10544 1.07383 1.0096 0.914683 0.791977 0.645208 0.478834 
170 1.06789 1.10332 1.10524 1.07357 1.00928 0.914328 0.791592 0.644804 0.478424 
171 1.06784 1.10323 1.10511 1.0734 1.00908 0.914102 0.791347 0.644547 0.478164 
172 1.06782 1.1032 1.10505 1.07333 1.009 0.914005 0.791242 0.644437 0.478052 
173 1.06783 1.10321 1.10507 1.07335 1.00903 0.914037 0.791277 0.644474 0.478089 
174 1.06786 1.10327 1.10516 1.07347 1.00917 0.914199 0.791452 0.644657 0.478275 
175 1.06792 1.10339 1.10533 1.07369 1.00942 0.914489 0.791767 0.644988 0.478611 
176 1.068 1.10355 1.10557 1.074 1.0098 0.914908 0.792222 0.645465 0.479095 
177 1.06811 1.10377 1.10589 1.07441 1.01028 0.915457 0.792817 0.646088 0.479728 
178 1.06825 1.10404 1.10628 1.07491 1.01088 0.916134 0.793552 0.646859 0.480511 
179 1.06841 1.10436 1.10675 1.07551 1.01159 0.916941 0.794428 0.647776 0.481442 
180 1.0686 1.10473 1.10729 1.0762 1.01242 0.917877 0.795443 0.648841 0.482523 
181 1.06881 1.10515 1.1079 1.07699 1.01336 0.918942 0.796599 0.650052 0.483753 
182 1.06905 1.10562 1.10859 1.07788 1.01442 0.920137 0.797895 0.65141 0.485132 
183 1.06932 1.10614 1.10936 1.07886 1.01559 0.921461 0.799332 0.652916 0.486661 
184 1.06961 1.10671 1.11019 1.07994 1.01688 0.922914 0.800909 0.654568 0.488339 
185 1.06992 1.10734 1.11111 1.08112 1.01828 0.924497 0.802626 0.656368 0.490167 
186 1.07027 1.10802 1.1121 1.08239 1.01979 0.926209 0.804484 0.658315 0.492144 
187 1.07064 1.10874 1.11316 1.08376 1.02142 0.928051 0.806483 0.66041 0.494271 
188 1.07103 1.10952 1.1143 1.08522 1.02317 0.930023 0.808623 0.662653 0.496548 
189 1.07145 1.11035 1.11551 1.08678 1.02502 0.932125 0.810904 0.665043 0.498975 
190 1.0719 1.11123 1.1168 1.08844 1.027 0.934357 0.813326 0.667581 0.501553 
191 1.07238 1.11217 1.11817 1.09019 1.02909 0.93672 0.815889 0.670268 0.504281 
192 1.07287 1.11315 1.1196 1.09204 1.03129 0.939213 0.818594 0.673102 0.507159 
193 1.0734 1.11419 1.12112 1.09399 1.03361 0.941836 0.82144 0.676085 0.510188 
194 1.07395 1.11527 1.12271 1.09603 1.03605 0.94459 0.824428 0.679217 0.513368 
195 1.07453 1.11641 1.12438 1.09817 1.0386 0.947475 0.827559 0.682498 0.5167 
196 1.07514 1.11761 1.12612 1.10041 1.04127 0.950491 0.830832 0.685928 0.520183 
197 1.07577 1.11885 1.12793 1.10275 1.04405 0.953639 0.834247 0.689507 0.523817 
198 1.07643 1.12014 1.12983 1.10518 1.04696 0.956918 0.837806 0.693237 0.527604 
199 1.07711 1.12149 1.1318 1.10771 1.04997 0.96033 0.841507 0.697116 0.531543 
200 1.07782 1.12289 1.13384 1.11034 1.05311 0.963873 0.845352 0.701146 0.535635 
201 1.07856 1.12434 1.13597 1.11307 1.05636 0.96755 0.849341 0.705326 0.53988 
202 1.07932 1.12585 1.13816 1.1159 1.05973 0.971359 0.853474 0.709658 0.544278 
203 1.08011 1.1274 1.14044 1.11883 1.06322 0.975301 0.857752 0.714141 0.54883 
204 1.08093 1.12901 1.14279 1.12185 1.06682 0.979377 0.862175 0.718776 0.553537 
205 1.08177 1.13068 1.14522 1.12498 1.07055 0.983587 0.866743 0.723563 0.558398 
206 1.08264 1.13239 1.14773 1.1282 1.07439 0.987931 0.871457 0.728503 0.563415 
207 1.08354 1.13416 1.15032 1.13153 1.07835 0.992411 0.876317 0.733597 0.568587 
208 1.08447 1.13598 1.15298 1.13495 1.08243 0.997025 0.881324 0.738845 0.573916 
209 1.08542 1.13786 1.15573 1.13848 1.08663 1.00178 0.886479 0.744247 0.579401 
210 1.0864 1.13979 1.15855 1.1421 1.09096 1.00666 0.891782 0.749804 0.585044 
211 1.08741 1.14177 1.16145 1.14583 1.0954 1.01169 0.897233 0.755517 0.590845 
212 1.08844 1.14381 1.16443 1.14966 1.09997 1.01685 0.902834 0.761386 0.596805 
213 1.0895 1.14591 1.16749 1.1536 1.10465 1.02215 0.908584 0.767413 0.602925 
214 1.0906 1.14805 1.17063 1.15763 1.10947 1.02759 0.914485 0.773598 0.609205 
215 1.09171 1.15026 1.17385 1.16177 1.1144 1.03316 0.920538 0.779941 0.615646 
216 1.09286 1.15251 1.17715 1.16602 1.11946 1.03888 0.926742 0.786443 0.622248 
217 1.09403 1.15483 1.18053 1.17037 1.12464 1.04474 0.9331 0.793106 0.629014 
218 1.09524 1.1572 1.184 1.17482 1.12995 1.05074 0.939612 0.79993 0.635944 
219 1.09647 1.15962 1.18754 1.17938 1.13538 1.05689 0.946278 0.806917 0.643038 
220 1.09773 1.16211 1.19117 1.18405 1.14094 1.06317 0.9531 0.814067 0.650298 
221 1.09902 1.16465 1.19489 1.18882 1.14663 1.06961 0.960079 0.82138 0.657725 
222 1.10034 1.16725 1.19868 1.1937 1.15245 1.07618 0.967216 0.82886 0.665319 
223 1.10169 1.1699 1.20257 1.19869 1.1584 1.08291 0.974511 0.836505 0.673083 
224 1.10307 1.17261 1.20653 1.20379 1.16448 1.08978 0.981966 0.844319 0.681017 
225 1.10447 1.17539 1.21059 1.209 1.17069 1.0968 0.989583 0.852301 0.689122 
226 1.10591 1.17822 1.21473 1.21432 1.17703 1.10397 0.997362 0.860453 0.6974 
227 1.10738 1.18111 1.21895 1.21976 1.1835 1.11129 1.0053 0.868777 0.705852 
228 1.10888 1.18406 1.22327 1.2253 1.19011 1.11876 1.01341 0.877273 0.71448 
229 1.1104 1.18707 1.22767 1.23096 1.19686 1.12638 1.02169 0.885944 0.723284 
230 1.11196 1.19014 1.23216 1.23674 1.20374 1.13416 1.03013 0.894791 0.732268 
231 1.11356 1.19328 1.23674 1.24263 1.21076 1.1421 1.03874 0.903815 0.741431 
232 1.11518 1.19647 1.24141 1.24863 1.21792 1.15019 1.04752 0.913018 0.750776 
233 1.11683 1.19973 1.24618 1.25476 1.22521 1.15844 1.05647 0.922402 0.760304 
234 1.11852 1.20305 1.25103 1.261 1.23266 1.16685 1.0656 0.931968 0.770018 
235 1.12024 1.20644 1.25598 1.26737 1.24024 1.17543 1.0749 0.941717 0.779918 
236 1.12199 1.20989 1.26103 1.27385 1.24797 1.18417 1.08438 0.951653 0.790007 
237 1.12378 1.21341 1.26617 1.28046 1.25584 1.19307 1.09404 0.961777 0.800287 
238 1.12559 1.21699 1.27141 1.28719 1.26387 1.20214 1.10388 0.972091 0.81076 
239 1.12745 1.22064 1.27674 1.29405 1.27204 1.21138 1.11391 0.982596 0.821427 
240 1.12933 1.22435 1.28217 1.30103 1.28036 1.22079 1.12412 0.993295 0.832291 
241 1.13125 1.22814 1.2877 1.30814 1.28883 1.23037 1.13451 1.00419 0.843354 
242 1.13321 1.23199 1.29333 1.31538 1.29746 1.24012 1.1451 1.01528 0.854619 
243 1.1352 1.23591 1.29907 1.32275 1.30625 1.25005 1.15588 1.02658 0.866086 
244 1.13723 1.2399 1.30491 1.33026 1.31519 1.26016 1.16684 1.03807 0.87776 
245 1.13929 1.24397 1.31085 1.3379 1.32429 1.27045 1.17801 1.04977 0.889642 
246 1.14139 1.2481 1.31689 1.34567 1.33356 1.28093 1.18937 1.06168 0.901735 
247 1.14353 1.25231 1.32305 1.35358 1.34298 1.29158 1.20094 1.0738 0.914041 
248 1.1457 1.2566 1.32931 1.36163 1.35258 1.30243 1.2127 1.08613 0.926563 
249 1.14792 1.26095 1.33568 1.36982 1.36234 1.31346 1.22468 1.09868 0.939303 
250 1.15017 1.26539 1.34216 1.37815 1.37226 1.32469 1.23686 1.11145 0.952265 
251 1.15246 1.2699 1.34875 1.38662 1.38237 1.3361 1.24925 1.12443 0.96545 
252 1.15479 1.27448 1.35546 1.39525 1.39264 1.34772 1.26185 1.13764 0.978863 
253 1.15715 1.27915 1.36228 1.40401 1.40309 1.35953 1.27467 1.15107 0.992505 
254 1.15956 1.28389 1.36922 1.41293 1.41372 1.37155 1.28771 1.16474 1.00638 
255 1.16201 1.28872 1.37627 1.422 1.42453 1.38377 1.30097 1.17863 1.02049 
256 1.16451 1.29363 1.38344 1.43123 1.43552 1.3962 1.31445 1.19276 1.03484 
257 1.16704 1.29862 1.39074 1.4406 1.4467 1.40883 1.32816 1.20713 1.04943 
258 1.16962 1.30369 1.39816 1.45014 1.45806 1.42168 1.3421 1.22174 1.06426 
259 1.17223 1.30885 1.4057 1.45983 1.46961 1.43474 1.35627 1.2366 1.07935 
260 1.1749 1.31409 1.41336 1.46969 1.48136 1.44802 1.37068 1.2517 1.09468 
261 1.1776 1.31943 1.42116 1.47971 1.4933 1.46152 1.38533 1.26705 1.11027 
262 1.18035 1.32485 1.42908 1.4899 1.50544 1.47524 1.40022 1.28265 1.12611 
263 1.18315 1.33035 1.43713 1.50025 1.51778 1.48919 1.41535 1.29851 1.14222 
264 1.18599 1.33595 1.44532 1.51077 1.53032 1.50337 1.43073 1.31463 1.15859 
265 1.18888 1.34164 1.45364 1.52146 1.54306 1.51777 1.44637 1.33102 1.17522 
266 1.19182 1.34742 1.46209 1.53233 1.55601 1.53241 1.46225 1.34767 1.19213 
267 1.1948 1.3533 1.47068 1.54337 1.56917 1.54729 1.4784 1.36458 1.20931 
268 1.19783 1.35927 1.47941 1.55459 1.58254 1.56241 1.4948 1.38178 1.22676 
269 1.20091 1.36534 1.48828 1.56599 1.59613 1.57777 1.51147 1.39924 1.2445 
270 1.20404 1.3715 1.49728 1.57758 1.60993 1.59337 1.5284 1.41699 1.26252 
271 1.20722 1.37776 1.50644 1.58934 1.62396 1.60923 1.5456 1.43501 1.28082 
272 1.21045 1.38412 1.51573 1.60129 1.6382 1.62533 1.56307 1.45332 1.29942 
273 1.21373 1.39058 1.52518 1.61343 1.65267 1.64168 1.58082 1.47192 1.3183 
274 1.21706 1.39714 1.53477 1.62576 1.66736 1.65829 1.59884 1.49081 1.33748 
275 1.22044 1.4038 1.54451 1.63828 1.68228 1.67516 1.61715 1.50999 1.35696 
276 1.22388 1.41057 1.55439 1.651 1.69743 1.69229 1.63573 1.52947 1.37674 
277 1.22736 1.41743 1.56444 1.6639 1.71281 1.70968 1.6546 1.54925 1.39682 
278 1.2309 1.42441 1.57463 1.67701 1.72843 1.72734 1.67376 1.56932 1.41721 
279 1.2345 1.43148 1.58497 1.69031 1.74428 1.74526 1.6932 1.5897 1.4379 
280 1.23814 1.43867 1.59548 1.70381 1.76037 1.76345 1.71294 1.61039 1.4589 
281 1.24184 1.44596 1.60613 1.71751 1.7767 1.7819 1.73297 1.63137 1.48021 
282 1.2456 1.45335 1.61695 1.73141 1.79326 1.80063 1.75329 1.65267 1.50184 
283 1.24941 1.46086 1.62792 1.74551 1.81007 1.81963 1.77391 1.67428 1.52378 
284 1.25327 1.46847 1.63904 1.75982 1.82712 1.83891 1.79482 1.6962 1.54604 
285 1.25719 1.47619 1.65033 1.77433 1.84441 1.85846 1.81603 1.71843 1.56861 
286 1.26117 1.48402 1.66177 1.78904 1.86195 1.87828 1.83754 1.74097 1.5915 
287 1.2652 1.49195 1.67338 1.80396 1.87972 1.89837 1.85934 1.76382 1.6147 
288 1.26928 1.5 1.68514 1.81907 1.89774 1.91874 1.88145 1.78698 1.63822 
289 1.27342 1.50815 1.69706 1.8344 1.916 1.93939 1.90385 1.81046 1.66206 
290 1.27762 1.51641 1.70913 1.84992 1.9345 1.9603 1.92654 1.83424 1.68621 
291 1.28186 1.52478 1.72136 1.86565 1.95324 1.98149 1.94953 1.85834 1.71068 
292 1.28617 1.53325 1.73375 1.88157 1.97222 2.00295 1.97281 1.88274 1.73546 
293 1.29052 1.54183 1.7463 1.8977 1.99144 2.02467 1.99639 1.90744 1.76054 
294 1.29493 1.55052 1.75899 1.91402 2.01089 2.04666 2.02025 1.93245 1.78593 
295 1.29939 1.5593 1.77184 1.93053 2.03057 2.06891 2.04439 1.95775 1.81162 
296 1.30391 1.56819 1.78483 1.94724 2.05048 2.09142 2.06881 1.98334 1.83761 
297 1.30847 1.57718 1.79797 1.96413 2.07061 2.11418 2.0935 2.00922 1.86389 
298 1.31308 1.58627 1.81125 1.98121 2.09096 2.13718 2.11847 2.03538 1.89046 
299 1.31774 1.59545 1.82468 1.99846 2.11153 2.16043 2.14369 2.06182 1.9173 
300 1.32245 1.60472 1.83823 2.01589 2.1323 2.18391 2.16917 2.08853 1.94442 
301 1.32721 1.61409 1.85192 2.03349 2.15327 2.20763 2.1949 2.11549 1.9718 
302 1.33201 1.62354 1.86574 2.05125 2.17444 2.23156 2.22087 2.1427 1.99943 
303 1.33685 1.63307 1.87968 2.06917 2.1958 2.2557 2.24707 2.17016 2.02731 
304 1.34173 1.64269 1.89373 2.08724 2.21733 2.28004 2.27348 2.19784 2.05542 
305 1.34665 1.65238 1.9079 2.10545 2.23903 2.30458 2.3001 2.22574 2.08375 
306 1.3516 1.66214 1.92217 2.12379 2.26089 2.32929 2.32691 2.25384 2.11228 
307 1.35659 1.67196 1.93653 2.14226 2.28289 2.35417 2.35391 2.28213 2.14101 
308 1.36161 1.68185 1.95098 2.16084 2.30503 2.3792 2.38107 2.31059 2.16991 
309 1.36665 1.69178 1.96551 2.17952 2.3273 2.40436 2.40838 2.33921 2.19897 
310 1.37173 1.70177 1.98011 2.19829 2.34967 2.42965 2.43582 2.36797 2.22817 
311 1.37682 1.7118 1.99477 2.21713 2.37213 2.45505 2.46337 2.39684 2.25749 
312 1.38193 1.72186 2.00948 2.23604 2.39466 2.48053 2.49102 2.42582 2.28691 
313 1.38705 1.73195 2.02423 2.25501 2.41726 2.50607 2.51874 2.45487 2.31641 
314 1.39218 1.74206 2.03901 2.274 2.4399 2.53166 2.5465 2.48397 2.34596 
315 1.39732 1.75218 2.0538 2.29301 2.46256 2.55728 2.5743 2.5131 2.37554 
316 1.40245 1.76229 2.06859 2.31203 2.48522 2.5829 2.6021 2.54223 2.40512 
317 1.40759 1.7724 2.08336 2.33103 2.50786 2.60849 2.62987 2.57134 2.43468 
318 1.41271 1.78249 2.09811 2.34999 2.53046 2.63404 2.65759 2.60039 2.46418 
319 1.41782 1.79255 2.11282 2.36889 2.55299 2.65951 2.68523 2.62935 2.49359 
320 1.4229 1.80257 2.12747 2.38772 2.57543 2.68488 2.71275 2.6582 2.52288 
321 1.42796 1.81254 2.14204 2.40645 2.59775 2.71011 2.74014 2.6869 2.55202 
322 1.43299 1.82244 2.15651 2.42506 2.61993 2.73519 2.76734 2.71541 2.58097 
323 1.43798 1.83226 2.17087 2.44353 2.64193 2.76006 2.79433 2.7437 2.6097 
324 1.44292 1.842 2.18511 2.46182 2.66374 2.78471 2.82108 2.77173 2.63816 
325 1.44781 1.85163 2.19919 2.47992 2.68531 2.8091 2.84754 2.79946 2.66632 
326 1.45264 1.86114 2.2131 2.4978 2.70662 2.83319 2.87368 2.82686 2.69414 
327 1.4574 1.87053 2.22681 2.51544 2.72764 2.85695 2.89947 2.85388 2.72158 
328 1.46209 1.87976 2.24032 2.5328 2.74833 2.88035 2.92485 2.88048 2.74859 
329 1.4667 1.88884 2.25359 2.54986 2.76866 2.90333 2.94979 2.90662 2.77513 
330 1.47122 1.89775 2.2666 2.56659 2.7886 2.92587 2.97425 2.93225 2.80116 
331 1.47565 1.90646 2.27934 2.58297 2.80811 2.94793 2.99818 2.95734 2.82663 
332 1.47997 1.91496 2.29178 2.59895 2.82716 2.96947 3.02156 2.98183 2.8515 
333 1.48417 1.92325 2.30389 2.61453 2.84572 2.99045 3.04432 3.00568 2.87573 
334 1.48826 1.9313 2.31565 2.62965 2.86375 3.01083 3.06643 3.02886 2.89926 
335 1.49222 1.93909 2.32705 2.6443 2.88121 3.03057 3.08785 3.05131 2.92205 
336 1.49604 1.94662 2.33806 2.65845 2.89807 3.04963 3.10853 3.07298 2.94406 
337 1.49972 1.95387 2.34865 2.67207 2.9143 3.06798 3.12844 3.09384 2.96524 
338 1.50324 1.96081 2.3588 2.68512 2.92986 3.08557 3.14753 3.11385 2.98556 
339 1.50661 1.96745 2.3685 2.69759 2.94471 3.10237 3.16575 3.13295 3.00495 
340 1.50981 1.97375 2.37772 2.70944 2.95884 3.11833 3.18308 3.15111 3.02339 
341 1.51284 1.97972 2.38644 2.72065 2.9722 3.13344 3.19947 3.16828 3.04083 
342 1.51569 1.98533 2.39464 2.7312 2.98477 3.14764 3.21488 3.18444 3.05724 
343 1.51835 1.99057 2.40231 2.74105 2.99651 3.16092 3.22928 3.19953 3.07256 
344 1.52082 1.99543 2.40941 2.75019 3.0074 3.17323 3.24264 3.21353 3.08678 
345 1.52309 1.9999 2.41595 2.75859 3.01741 3.18455 3.25492 3.2264 3.09985 
346 1.52516 2.00397 2.4219 2.76623 3.02652 3.19485 3.2661 3.23811 3.11174 
347 1.52701 2.00763 2.42724 2.7731 3.03471 3.2041 3.27614 3.24864 3.12243 
348 1.52865 2.01086 2.43197 2.77918 3.04195 3.21229 3.28502 3.25795 3.13188 
349 1.53008 2.01366 2.43606 2.78445 3.04823 3.21939 3.29273 3.26602 3.14008 
350 1.53128 2.01603 2.43952 2.78889 3.05353 3.22538 3.29923 3.27283 3.147 
351 1.53225 2.01795 2.44234 2.79251 3.05783 3.23025 3.30451 3.27837 3.15262 
352 1.533 2.01943 2.44449 2.79528 3.06114 3.23399 3.30857 3.28262 3.15694 
353 1.53352 2.02045 2.44599 2.79721 3.06343 3.23658 3.31138 3.28557 3.15993 
354 1.53381 2.02102 2.44682 2.79828 3.06471 3.23802 3.31295 3.28721 3.1616 
355 1.53387 2.02114 2.44699 2.79849 3.06497 3.23831 3.31326 3.28754 3.16193 
356 1.5337 2.02079 2.44649 2.79785 3.0642 3.23744 3.31232 3.28656 3.16093 
357 1.53329 2.02 2.44532 2.79635 3.06241 3.23543 3.31013 3.28426 3.1586 
358 1.53266 2.01875 2.4435 2.794 3.05961 3.23226 3.3067 3.28066 3.15494 
359 1.53179 2.01705 2.44101 2.79081 3.05581 3.22796 3.30202 3.27576 3.14997 
360 1.53071 2.0149 2.43787 2.78677 3.051 3.22252 3.29613 3.26959 3.1437 
361 1.52939 2.01231 2.43409 2.78191 3.04521 3.21597 3.28902 3.26214 3.13614 
362 1.52786 2.0093 2.42968 2.77624 3.03845 3.20833 3.28073 3.25345 3.12731 
363 1.52611 2.00585 2.42464 2.76977 3.03073 3.19961 3.27126 3.24353 3.11724 
364 1.52415 2.00199 2.419 2.76251 3.02208 3.18983 3.26065 3.23241 3.10594 
365 1.52198 1.99772 2.41275 2.75448 3.01251 3.17901 3.24892 3.22011 3.09346 
